1 1.0000
2 1.0000
3 1.0000
4 1.0000
5 1.0000
6 1.0000
7 1.0000
8 1.0000
9 1.0000
10 1.0000
11 1.0000
12 1.0000
13 1.0000
14 1.0000
15 1.0000
16 1.0000
17 1.0000
18 1.0000
19 1.0000
20 1.0000
21 0.998632
22 0.997975
23 0.996866
24 0.996447
25 0.994359
26 0.992329
27 0.990663
28 0.987989
29 0.985881
30 0.983210
31 0.982722
32 0.980910
33 0.979911
34 0.978056
35 0.976926
36 0.974795
37 0.973232
38 0.971242
39 0.970245
40 0.969373
41 0.967436
42 0.965012
43 0.964975
44 0.963991
45 0.962268
46 0.960241
47 0.958595
48 0.956226
49 0.953969
50 0.951615
51 0.861850
52 0.861850
53 0.861850
54 0.861850
55 0.861850
56 0.861850
57 0.861850
58 0.861850
59 0.861850
60 0.861850
61 0.861850
62 0.861850
63 0.861850
64 0.861850
65 0.861850
66 0.861850
67 0.861850
68 0.861850
69 0.861850
70 0.861850
71 0.861850
72 0.861850
73 0.861850
74 0.861850
75 0.861850
76 0.861850
77 0.861850
78 0.861850
79 0.861850
80 0.861850
81 0.861850
82 0.861850
83 0.861850
84 0.861850
85 0.861850
86 0.861850
87 0.861850
88 0.861850
89 0.861850
90 0.861850
91 0.861850
92 0.861850
93 0.861850
94 0.861850
95 0.861850
96 0.861850
97 0.861850
98 0.861850
99 0.861850
100 0.861850
